Shoreline	
562	2
144.0613276	-40.06910179
144.0609021	-40.06908244
144.0604572	-40.0691308
144.0602445	-40.06944028
144.0604089	-40.0698368
144.0609795	-40.0699722
144.0615404	-40.07015595
144.0621787	-40.0702043
144.0624979	-40.06975943
144.122628	-39.99995
144.122628	-40.0001
144.1226341	-40.0004
144.1226614	-40.0007
144.1226661	-40.001
144.1226485	-40.0013
144.1226951	-40.0016
144.1226931	-40.0019
144.1225	-40.00209854
144.1223991	-40.0022
144.1222	-40.00238163
144.1220852	-40.0025
144.1219	-40.00265811
144.1217962	-40.0028
144.1216	-40.00296974
144.1213	-40.00297441
144.1211737	-40.0031
144.121	-40.00328483
144.1207	-40.0033603
144.1204	-40.00337897
144.1203742	-40.0034
144.1201	-40.00361731
144.1199662	-40.0037
144.1198	-40.00390962
144.1197101	-40.004
144.1195	-40.00421352
144.1194136	-40.0043
144.1192202	-40.0046
144.1192	-40.00462686
144.1191285	-40.0046
144.1189	-40.00455453
144.1188753	-40.0046
144.1186	-40.00483693
144.1184988	-40.0049
144.1183	-40.00510818
144.1182055	-40.0052
144.118	-40.0053711
144.1178706	-40.0055
144.1177	-40.00572671
144.1176425	-40.0058
144.1174	-40.00604394
144.1173485	-40.0061
144.1171	-40.00631269
144.1170157	-40.0064
144.1168	-40.00668779
144.1167941	-40.0067
144.1167814	-40.007
144.1165	-40.00728708
144.1164891	-40.0073
144.1162	-40.0075643
144.1159	-40.00757547
144.1156	-40.00758663
144.1155806	-40.0076
144.1153	-40.00786992
144.115	-40.00787159
144.1149615	-40.0079
144.1149909	-40.0082
144.1149696	-40.0085
144.1147	-40.0087725
144.114671	-40.0088
144.1146717	-40.0091
144.1147	-40.0091652
144.1148814	-40.0094
144.1148891	-40.0097
144.115	-40.00981189
144.1152043	-40.01
144.1152458	-40.0103
144.1153	-40.0104136
144.115476	-40.0106
144.1156	-40.01072406
144.1159	-40.01069929
144.1160999	-40.0109
144.1162	-40.01100016
144.1164307	-40.0112
144.1165	-40.01126928
144.1166685	-40.0115
144.11675	-40.0118
144.1168	-40.01186155
144.117033	-40.0121
144.1171	-40.01220159
144.1173019	-40.0124
144.1173151	-40.0127
144.1173241	-40.013
144.1172876	-40.0133
144.1171711	-40.0136
144.1171929	-40.0139
144.1172817	-40.0142
144.1171	-40.01436295
144.1168	-40.0144296
144.1167507	-40.0145
144.1168	-40.01454456
144.1170163	-40.0148
144.1170106	-40.0151
144.1171	-40.01518027
144.1172721	-40.0154
144.1172818	-40.0157
144.1172875	-40.016
144.1171	-40.01616373
144.1169637	-40.0163
144.117008	-40.0166
144.1168	-40.01682697
144.1167626	-40.0169
144.1167689	-40.0172
144.1167539	-40.0175
144.1167341	-40.0178
144.1167239	-40.0181
144.116752	-40.0184
144.1165	-40.01865939
144.1162	-40.0186643
144.1161573	-40.0187
144.1159	-40.01892087
144.1156	-40.01889113
144.1154588	-40.019
144.1153	-40.01916576
144.1151658	-40.0193
144.115	-40.01946838
144.1149353	-40.0196
144.1147	-40.01980897
144.1145808	-40.0199
144.1144	-40.02005881
144.1142123	-40.0202
144.1141	-40.02030511
144.113924	-40.0205
144.1138	-40.02063001
144.1136781	-40.0208
144.1135	-40.020971
144.113404	-40.0211
144.1132	-40.02129747
144.1130879	-40.0214
144.1129	-40.02159931
144.1127892	-40.0217
144.1126	-40.02191387
144.112487	-40.022
144.1123	-40.02219006
144.1121761	-40.0223
144.112	-40.02248492
144.1117	-40.02246535
144.1114	-40.022472
144.1112249	-40.0223
144.1111798	-40.022
144.1111581	-40.0217
144.1111912	-40.0214
144.1111	-40.0212703
144.110923	-40.0211
144.1108	-40.02107603
144.1105	-40.02107864
144.1104708	-40.0211
144.1102	-40.02136072
144.1099	-40.0213825
144.1096	-40.02138672
144.1095853	-40.0214
144.1093	-40.02168656
144.1092793	-40.0217
144.109	-40.02196876
144.1087	-40.02195109
144.1084	-40.02194212
144.1082788	-40.022
144.1081	-40.02216444
144.1079644	-40.0223
144.1081	-40.02243556
144.1082456	-40.0226
144.1081	-40.02275685
144.1080371	-40.0229
144.1078	-40.02313869
144.1075	-40.02316356
144.1074544	-40.0232
144.1072	-40.02344766
144.1070589	-40.0235
144.1069	-40.02368742
144.1068249	-40.0238
144.1066	-40.02404528
144.1065434	-40.0241
144.1063	-40.02431383
144.1062106	-40.0244
144.106	-40.02460219
144.1057	-40.02458838
144.1055637	-40.0247
144.1055105	-40.025
144.1054	-40.0251019
144.1052521	-40.0253
144.1051	-40.0254503
144.1049003	-40.0256
144.1048	-40.02570275
144.1046027	-40.0259
144.1045	-40.02601955
144.1043196	-40.0262
144.1042	-40.02632972
144.1040297	-40.0265
144.1039	-40.02666222
144.1038302	-40.0268
144.1036	-40.02701066
144.1035122	-40.0271
144.1033	-40.02731228
144.103	-40.02731305
144.1027573	-40.0271
144.1027	-40.02700917
144.1026554	-40.0271
144.1024	-40.02734309
144.1023589	-40.0274
144.1021	-40.0276588
144.102052	-40.0277
144.1020608	-40.028
144.1018	-40.02828188
144.1017857	-40.0283
144.1017625	-40.0286
144.1017229	-40.0289
144.1015	-40.02913214
144.1012459	-40.0289
144.1012	-40.02885056
144.1011424	-40.0289
144.1012	-40.02919562
144.1012027	-40.0292
144.1014642	-40.0295
144.1015	-40.02951595
144.1015543	-40.0295
144.1018	-40.02931469
144.1019676	-40.0295
144.1019964	-40.0298
144.1020366	-40.0301
144.102051	-40.0304
144.1021	-40.0304555
144.1023975	-40.0307
144.1024	-40.03071126
144.1025041	-40.031
144.1024	-40.03119152
144.1023682	-40.0313
144.1024	-40.03131983
144.1026473	-40.0316
144.1026665	-40.0319
144.1026526	-40.0322
144.1026216	-40.0325
144.1024	-40.03274711
144.1023255	-40.0328
144.1021	-40.03298559
144.1020334	-40.0331
144.1018	-40.03332835
144.1017521	-40.0334
144.1017408	-40.0337
144.1018	-40.03376989
144.1021	-40.03377865
144.102332	-40.034
144.1024	-40.03406796
144.102565	-40.0343
144.1025901	-40.0346
144.1027	-40.03469187
144.1028692	-40.0349
144.1028369	-40.0352
144.1028331	-40.0355
144.1028764	-40.0358
144.1027	-40.03604263
144.1026432	-40.0361
144.1026284	-40.0364
144.1025575	-40.0367
144.1024	-40.03688878
144.1021	-40.03692772
144.1020562	-40.037
144.1020496	-40.0373
144.1020407	-40.0376
144.1020328	-40.0379
144.1021	-40.03799241
144.1023076	-40.0382
144.1022793	-40.0385
144.1023603	-40.0388
144.1023539	-40.0391
144.1024	-40.03917674
144.1026	-40.0394
144.1026338	-40.0397
144.1026634	-40.04
144.1026478	-40.0403
144.1027	-40.04033477
144.1029366	-40.0406
144.103	-40.04064556
144.1033	-40.04064965
144.1035771	-40.0409
144.1036	-40.04091892
144.1039	-40.04093975
144.1041679	-40.0412
144.1042	-40.04123912
144.1045	-40.04124306
144.1047629	-40.0415
144.1048	-40.04154747
144.1050329	-40.0418
144.1051	-40.04187485
144.1054	-40.04189117
144.1055938	-40.0421
144.1056888	-40.0424
144.1057	-40.04241352
144.1059628	-40.0427
144.106	-40.04273296
144.1062017	-40.043
144.1063	-40.04314049
144.1063845	-40.0433
144.1063528	-40.0436
144.1063	-40.04363533
144.106062	-40.0439
144.1060593	-40.0442
144.106	-40.04427047
144.1057	-40.04432125
144.1054	-40.04439338
144.1052455	-40.0445
144.1051	-40.04455525
144.1048	-40.04453997
144.1045	-40.04453927
144.1042	-40.04454077
144.1039989	-40.0448
144.1039	-40.04491908
144.1037234	-40.0451
144.1036	-40.04529028
144.1034533	-40.0454
144.1033	-40.0455622
144.1031631	-40.0457
144.103	-40.04582124
144.1028483	-40.046
144.1028498	-40.0463
144.1027	-40.04636896
144.1024293	-40.0466
144.1024	-40.04678759
144.1022876	-40.0469
144.1021	-40.04703963
144.1019396	-40.0472
144.1018	-40.04727275
144.1015821	-40.0472
144.1015	-40.04711786
144.1012	-40.0471494
144.1009	-40.04716436
144.1006	-40.04702582
144.1004815	-40.0469
144.1003	-40.04683448
144.1002345	-40.0469
144.1003	-40.04696552
144.1005395	-40.0472
144.1006	-40.04724891
144.1008602	-40.0475
144.1009	-40.04754962
144.1009496	-40.0475
144.1012	-40.0472506
144.1015	-40.04728214
144.1015727	-40.0475
144.1015	-40.04756317
144.1012632	-40.0478
144.1012	-40.04785
144.1009	-40.04792312
144.1006	-40.04792524
144.1004249	-40.0478
144.1003	-40.04763523
144.1002029	-40.0475
144.1	-40.04729376
144.0998505	-40.0472
144.0997	-40.04704955
144.0994952	-40.0469
144.0994	-40.04680482
144.0991	-40.04682237
144.0988535	-40.0466
144.0988	-40.04657974
144.0985	-40.04658844
144.0982	-40.04658217
144.0979	-40.04659819
144.0978973	-40.0466
144.0976	-40.0468703
144.0973719	-40.0469
144.0973	-40.04698741
144.097	-40.04716426
144.0969438	-40.0472
144.09686	-40.0475
144.0967	-40.04766952
144.0966166	-40.0478
144.0966195	-40.0481
144.0964	-40.04835986
144.0961	-40.04834548
144.0960302	-40.0484
144.0958	-40.04868862
144.0957797	-40.0487
144.0955	-40.04894879
144.095469	-40.049
144.0954317	-40.0493
144.0952	-40.04952142
144.0951413	-40.0496
144.0952	-40.04967829
144.0955	-40.04967655
144.0956005	-40.0499
144.0958	-40.05013967
144.0958332	-40.0502
144.0958218	-40.0505
144.0958	-40.05055254
144.0955525	-40.0508
144.0955327	-40.0511
144.0955	-40.05117187
144.095262	-40.0514
144.0952633	-40.0517
144.0953226	-40.052
144.0953756	-40.0523
144.0952	-40.05248338
144.0950814	-40.0526
144.0949	-40.05278978
144.0947895	-40.0529
144.0946	-40.05308922
144.0945062	-40.0532
144.0943	-40.05341608
144.0941976	-40.0535
144.0941043	-40.0538
144.094	-40.0538318
144.0937	-40.0538721
144.0935576	-40.0538
144.0934	-40.05364242
144.0932492	-40.0535
144.0931	-40.05336189
144.093034	-40.0532
144.0928	-40.05302354
144.0926602	-40.0529
144.0925828	-40.0526
144.0925	-40.05248567
144.0923326	-40.0523
144.0923512	-40.052
144.0923374	-40.0517
144.0922	-40.0515626
144.092013	-40.0514
144.0919	-40.05128698
144.0917357	-40.0511
144.0916	-40.0509643
144.0914234	-40.0508
144.0916	-40.05062372
144.0917237	-40.0505
144.0919	-40.05026415
144.0919253	-40.0502
144.0919	-40.05003281
144.0917638	-40.0499
144.0916265	-40.0496
144.0916	-40.04959146
144.0913	-40.04957179
144.0910247	-40.0493
144.091	-40.04928675
144.090701	-40.049
144.0907	-40.04899923
144.0904	-40.04899115
144.0901	-40.0489773
144.0898024	-40.0487
144.0898	-40.04869845
144.0895	-40.0486862
144.0892	-40.04868012
144.0889	-40.04863067
144.0886	-40.04861229
144.0883	-40.04855678
144.0881171	-40.0484
144.088	-40.04839328
144.0877434	-40.0484
144.0877	-40.04842445
144.0874	-40.04865737
144.0871	-40.0486589
144.0870112	-40.0487
144.0868	-40.04893328
144.0865	-40.04892594
144.0862	-40.0489636
144.0859176	-40.049
144.0859	-40.04900866
144.0858887	-40.049
144.0856	-40.04893132
144.0853	-40.04888762
144.085	-40.04887566
144.0847	-40.04893446
144.0844	-40.0489706
144.0841	-40.04896656
144.0838	-40.04896972
144.0835198	-40.0487
144.0835	-40.04868238
144.0832	-40.04866831
144.0829	-40.04867611
144.0826	-40.04868209
144.0824246	-40.0487
144.0823	-40.04874184
144.0821889	-40.0487
144.082	-40.04868772
144.0817	-40.04868828
144.0816801	-40.0487
144.0814	-40.04895233
144.0811	-40.04892519
144.0808	-40.04890683
144.0805	-40.04889747
144.0804225	-40.049
144.0802	-40.04916834
144.0799	-40.04920678
144.0796	-40.04920769
144.0794481	-40.0493
144.0793	-40.04942201
144.079	-40.04943034
144.0787	-40.04943313
144.0784	-40.04943151
144.0781	-40.04944101
144.0778	-40.0494807
144.077716	-40.0496
144.0775	-40.04981694
144.0772	-40.04981118
144.0769	-40.04977255
144.0766	-40.04976855
144.0763	-40.04980132
144.076	-40.04982378
144.0757	-40.04984428
144.0756182	-40.0499
144.0754	-40.0500825
144.0751	-40.05004333
144.0748	-40.05002494
144.0746168	-40.0502
144.0745	-40.05030072
144.0742	-40.05032736
144.0739	-40.05037224
144.0737722	-40.0505
144.0736	-40.05071878
144.0733	-40.05068678
144.073	-40.05066102
144.072861	-40.0508
144.0727	-40.05094435
144.0724	-40.05093389
144.0722339	-40.0511
144.0721	-40.05120389
144.0718	-40.05123098
144.071631	-40.0514
144.0715	-40.05156597
144.0712	-40.0515485
144.0710485	-40.0517
144.0709	-40.05184792
144.0706	-40.05182354
144.0703	-40.05185106
144.0701196	-40.0517
144.07	-40.05158044
144.0698832	-40.0517
144.07	-40.0517915
144.0701815	-40.052
144.07	-40.0522411
144.0699627	-40.0523
144.0697	-40.05253844
144.0696145	-40.0526
144.0694	-40.05279616
144.069277	-40.0529
144.0692704	-40.0532
144.0691	-40.05337326
144.0689733	-40.0535
144.0689961	-40.0538
144.0688	-40.05397227
144.0687189	-40.0541
144.0687668	-40.0544
144.0686625	-40.0547
144.0686638	-40.055
144.0685	-40.05517077
144.0684299	-40.0553
144.0684234	-40.0556
144.0684427	-40.0559
144.0684494	-40.0562
144.0684488	-40.0565
144.0684513	-40.0568
144.0684161	-40.0571
144.0682	-40.05732132
144.0681473	-40.0574
144.0681616	-40.0577
144.068095	-40.058
144.0679	-40.05818829
144.0676	-40.05824745
144.0675534	-40.0583
144.0673	-40.05852064
144.067	-40.05854452
144.0669064	-40.0586
144.0667	-40.05871247
144.0664	-40.05866511
144.0661	-40.05865713
144.0658	-40.05867906
144.0655	-40.05872113
144.0652	-40.05876192
144.0649	-40.05879139
144.0647892	-40.0589
144.0646	-40.05908398
144.0643	-40.059112
144.0641336	-40.0592
144.064	-40.05933398
144.0637	-40.05937139
144.0636127	-40.0595
144.0634	-40.05971297
144.0633134	-40.0598
144.0632791	-40.0601
144.0632927	-40.0604
144.0633046	-40.0607
144.0633908	-40.061
144.0634	-40.06102548
144.0634536	-40.0613
144.0634	-40.06156762
144.0633959	-40.0616
144.0634	-40.06160655
144.0636465	-40.0619
144.0636986	-40.0622
144.0637	-40.06220142
144.064	-40.06226394
144.0641488	-40.0625
144.0643	-40.06279273
144.0643119	-40.0628
144.0645222	-40.0631
144.0646	-40.063155
144.0649	-40.06319203
144.0652	-40.06331731
144.0653778	-40.0634
144.0654142	-40.0637
144.0655	-40.0638092
144.0656615	-40.064
144.0657008	-40.0643
144.0656364	-40.0646
144.0657639	-40.0649
144.0655	-40.06512627
144.0654269	-40.0652
144.0652927	-40.0655
144.0652	-40.06559183
144.0649854	-40.0658
144.0648866	-40.06604568
144.0647803	-40.06622943
144.0646605	-40.0664
144.0646	-40.0665468
144.0644514	-40.06675168
144.0643451	-40.06693543
144.0642	-40.06709017
144.0641091	-40.0673
144.0640162	-40.06739965
144.0639485	-40.06755439
144.0637261	-40.06782518
144.0638325	-40.06772847
144.0636004	-40.06796058
144.0635037	-40.06816368
144.0633586	-40.06854085
144.0631982	-40.0688
144.0631	-40.06892307
144.0629231	-40.0691
144.0628	-40.06927265
144.0626719	-40.06944028
144.0625752	-40.06962403
144.0623334	-40.07003989
144.0616951	-40.06910179
144.0619	-40.06888839
144.0620366	-40.0688
144.0622	-40.06862892
144.0623237	-40.0685
144.0623311	-40.0682
144.0625	-40.06806678
144.0626109	-40.0679
144.0628	-40.06766363
144.0628486	-40.0676
144.0630104	-40.06740932
144.0631071	-40.06722557
144.0632174	-40.067
144.0633779	-40.06667431
144.0634746	-40.06653891
144.063581	-40.06639384
144.0636777	-40.06631647
144.0638131	-40.06610371
144.0639485	-40.0658716
144.0640259	-40.0657362
144.0641613	-40.06543639
144.0641613	-40.06522363
144.0642387	-40.06484645
144.064316	-40.06444993
144.0641613	-40.0642565
144.0640588	-40.064
144.0639099	-40.0638213
144.0637454	-40.06366656
144.0635907	-40.06351182
144.0634553	-40.06344412
144.0634	-40.06333062
144.0629621	-40.06321201
144.0626333	-40.06315399
144.0624011	-40.06316366
144.061995	-40.06317333
144.0617338	-40.06323136
144.0615114	-40.06330873
144.0613663	-40.06340544
144.0611922	-40.06347314
144.0610182	-40.06365689
144.0607474	-40.06381163
144.0604862	-40.06414045
144.0605733	-40.06446927
144.060728	-40.06470138
144.06082	-40.0649
144.0607989	-40.0652
144.0608731	-40.06550409
144.0610085	-40.06582324
144.0610085	-40.06613272
144.0609021	-40.06640352
144.060699	-40.06650023
144.0603702	-40.06641319
144.0602154	-40.06627779
144.0600704	-40.06612305
144.0599737	-40.06591028
144.0598286	-40.0658039
144.0596835	-40.06569752
144.0596255	-40.0656008
144.0595288	-40.06553311
144.0592	-40.06525264
144.0593644	-40.06539771
144.0590742	-40.06519461
144.0590162	-40.06517527
144.0588228	-40.06517527
144.0586	-40.06515241
144.0583	-40.0651681
144.058	-40.06514979
144.0577	-40.06509416
144.0574	-40.06509117
144.0571	-40.06510909
144.0567628	-40.06519461
144.056521	-40.06521396
144.0563083	-40.06528165
144.0560858	-40.06534935
144.0558634	-40.06539771
144.0556	-40.0654361
144.0553702	-40.06550409
144.0551961	-40.06556212
144.0549736	-40.06561048
144.0545965	-40.06568785
144.0544	-40.06572515
144.0540839	-40.06581357
144.0538518	-40.06583291
144.0536584	-40.06591028
144.0533779	-40.06598765
144.0532	-40.06606647
144.0530394	-40.06610371
144.052817	-40.06619075
144.0526	-40.06638839
144.0523818	-40.06645187
144.0521787	-40.06653891
144.0519852	-40.06660661
144.0517918	-40.06670332
144.051579	-40.06682905
144.0514	-40.06688068
144.0511825	-40.06693543
144.0509891	-40.06706116
144.0507763	-40.06717721
144.0505539	-40.06723524
144.0503992	-40.06735129
144.0502	-40.06750844
144.0498769	-40.06756406
144.0496255	-40.0676511
144.0494224	-40.06780584
144.0493643	-40.06790255
144.0492483	-40.0679896
144.0490452	-40.06815401
144.0488808	-40.06832809
144.048726	-40.06841513
144.0485036	-40.06860855
144.0483392	-40.06875362
144.0482231	-40.06895672
144.047962	-40.06918883
144.0478073	-40.06940159
144.0476332	-40.0697014
144.0475075	-40.06996252
144.0475075	-40.07018496
144.0475945	-40.07049444
144.0478266	-40.07080392
144.0479523	-40.07098767
144.0481651	-40.07083293
144.0483875	-40.07094899
144.0483875	-40.07117143
144.0486293	-40.07130682
144.0486003	-40.07180006
144.0483489	-40.07219658
144.0483972	-40.07243836
144.048668	-40.07264145
144.0489678	-40.07281553
144.0491806	-40.07297994
144.0493643	-40.07306699
144.0495964	-40.07321205
144.0497802	-40.07327975
144.050022	-40.07335712
144.0501574	-40.07343449
144.0503508	-40.07352153
144.0505	-40.07354646
144.0506049	-40.0736
144.0508	-40.07379903
144.0509733	-40.0739
144.0509632	-40.0742
144.0508	-40.0744094
144.0505	-40.074405
144.0503024	-40.07451767
144.050138	-40.07471109
144.0499	-40.07476606
144.0496738	-40.07485616
144.0495288	-40.07489485
144.0493	-40.07505043
144.0489678	-40.07519465
144.0491032	-40.07513663
144.0487	-40.07535247
144.0484	-40.07535182
144.0481	-40.07535248
144.047875	-40.07518498
144.0478	-40.07506431
144.0475	-40.07506321
144.0473044	-40.07508827
144.0471109	-40.07527202
144.0469369	-40.07533005
144.0467918	-40.07548479
144.0467048	-40.07563953
144.0464823	-40.07581361
144.0464533	-40.07594901
144.0464049	-40.07608441
144.0463276	-40.07626816
144.0465597	-40.07634553
144.0467048	-40.07647125
144.0468049	-40.0766
144.0466	-40.07678288
144.0463	-40.07680566
144.0462057	-40.0769
144.046	-40.07705988
144.0457	-40.07709106
144.0454934	-40.0769
144.0454	-40.07685293
144.0451	-40.07687009
144.0448	-40.07687763
144.0446061	-40.07694514
144.0443256	-40.07697416
144.0441419	-40.07703219
144.0438904	-40.0770612
144.0435713	-40.07714824
144.0432811	-40.0771289
144.043	-40.07718494
144.0427	-40.07719763
144.0425268	-40.07726429
144.042285	-40.07736101
144.0421	-40.07746671
144.0418691	-40.07752542
144.0416757	-40.07762213
144.0415	-40.07776554
144.0413662	-40.07782523
144.0410858	-40.07793161
144.0408827	-40.07800898
144.0406796	-40.07806701
144.0405635	-40.0781
144.0403	-40.07836513
144.04	-40.07836482
144.0399479	-40.0784
144.0397	-40.07866192
144.0394	-40.07868904
144.0393845	-40.0787
144.0391	-40.07896893
144.0390094	-40.079
144.0388	-40.0792152
144.0387336	-40.0793
144.0384165	-40.07944032
144.0382231	-40.07964341
144.0378943	-40.07975947
144.0377008	-40.07995289
144.0374397	-40.08015599
144.0372656	-40.08035908
144.0371109	-40.08063955
144.0369272	-40.08094903
144.0368208	-40.08128752
144.0368788	-40.08156799
144.0369078	-40.08204188
144.0371206	-40.082303
144.0374397	-40.08242873
144.0376815	-40.08255445
144.037962	-40.08259314
144.0378179	-40.0826
144.0383101	-40.08261248
144.0382328	-40.0828736
144.0380297	-40.08308637
144.0379136	-40.08329914
144.0376	-40.08340186
144.0374734	-40.0835
144.0374619	-40.0838
144.0373	-40.08399173
144.0372339	-40.0841
144.037	-40.0843123
144.0369597	-40.0844
144.0369693	-40.0847
144.0369595	-40.085
144.0369816	-40.0853
144.037	-40.08533175
144.0372522	-40.0856
144.0373	-40.08563874
144.0376	-40.08564635
144.0379	-40.08565522
144.0382	-40.08573524
144.0385	-40.08581234
144.0385772	-40.0859
144.0388	-40.08612282
144.0388699	-40.0862
144.0391	-40.0864301
144.0391996	-40.0865
144.0394	-40.08670044
144.0394643	-40.0868
144.0394	-40.08695799
144.0391	-40.08696099
144.038961	-40.0871
144.0388	-40.0872567
144.0385	-40.08725814
144.0382	-40.08725847
144.0379	-40.08724384
144.0377453	-40.0871
144.0376	-40.08696826
144.0374122	-40.0868
144.0373	-40.08673029
144.037	-40.08670737
144.0367	-40.08666139
144.0364	-40.08665115
144.0362429	-40.0865
144.0361	-40.08641657
144.0358	-40.08641608
144.0355	-40.08638232
144.0352	-40.08637424
144.0349	-40.08640719
144.0346931	-40.0862
144.0346	-40.08616557
144.0343	-40.0861729
144.0342526	-40.0862
144.034	-40.08645193
144.0337	-40.08646008
144.0336644	-40.0865
144.0334	-40.08676631
144.0333238	-40.0868
144.0331	-40.08702223
144.0329792	-40.0871
144.0328	-40.08726604
144.0327001	-40.0874
144.0325	-40.08759434
144.032421	-40.0877
144.0322	-40.08793582
144.0321123	-40.088
144.0319	-40.0882199
144.0316	-40.08821843
144.0314916	-40.0883
144.0313	-40.08851269
144.031	-40.08854621
144.0309257	-40.0886
144.0307	-40.0888244
144.0306067	-40.0889
144.0305502	-40.0892
144.0304	-40.08935765
144.0301	-40.08935977
144.0299598	-40.0895
144.0298	-40.08977613
144.029784	-40.0898
144.0295	-40.08999537
144.0294289	-40.0901
144.0292	-40.0903442
144.029131	-40.0904
144.0289	-40.09061333
144.0286	-40.09058887
144.0283	-40.09061422
144.028	-40.09060841
144.0277	-40.09062299
144.0274	-40.09062335
144.0273356	-40.0907
144.0271	-40.09094421
144.0268	-40.09097311
144.0267574	-40.091
144.0266411	-40.0913
144.0265	-40.09146634
144.0263663	-40.0916
144.0263685	-40.0919
144.0262	-40.09204943
144.0260494	-40.0922
144.0262	-40.09235057
144.0263637	-40.0925
144.0265	-40.09260233
144.0267215	-40.0928
144.0267297	-40.0931
144.0268	-40.09317034
144.0271	-40.09319388
144.0273697	-40.0934
144.0273441	-40.0937
144.0271	-40.09394605
144.0268	-40.0939746
144.0265	-40.09399437
144.0262267	-40.0937
144.0262	-40.09367766
144.0261584	-40.0937
144.0259	-40.09397314
144.0256595	-40.0937
144.0256	-40.09365756
144.0253	-40.09364186
144.0250576	-40.0934
144.0250374	-40.0931
144.025	-40.09305072
144.0247252	-40.0928
144.0247	-40.09277433
144.0244	-40.09278553
144.0241	-40.09267671
144.0238	-40.09266735
144.0235	-40.09268457
144.0232	-40.09271654
144.0231165	-40.0928
144.0229	-40.0929728
144.0227728	-40.0931
144.0226	-40.09328635
144.0223	-40.09332873
144.022	-40.0933844
144.0217	-40.0933064
144.0215326	-40.0931
144.0214	-40.0929728
144.0211371	-40.0928
144.0211	-40.09278554
144.0210723	-40.0928
144.0211	-40.09283958
144.0212674	-40.0931
144.0211	-40.0932595
144.0208	-40.09330978
144.0205	-40.09331589
144.0202	-40.09336068
144.0199	-40.09335541
144.0196	-40.09331863
144.0193562	-40.0934
144.0193	-40.09348539
144.0192459	-40.0934
144.019	-40.09331588
144.0187	-40.09338057
144.0184	-40.09336526
144.0182108	-40.0931
144.0181664	-40.0928
144.0181	-40.09273329
144.0178	-40.09279619
144.0177965	-40.0928
144.0177487	-40.0931
144.0175	-40.09328598
144.0172	-40.09327438
144.0169	-40.09323297
144.0166	-40.09322697
144.0163	-40.09323365
144.0160519	-40.0931
144.016	-40.09300341
144.0158999	-40.0931
144.0157	-40.09318176
144.0154	-40.09324333
144.0152433	-40.0934
144.0151	-40.09352487
144.0148	-40.09360565
144.0145	-40.09361968
144.0142	-40.09368038
144.0141876	-40.0937
144.0139	-40.09397992
144.0137095	-40.094
144.0136	-40.09401017
144.0134891	-40.094
144.0133	-40.09398187
144.013	-40.09395534
144.0127	-40.09395632
144.0124099	-40.0937
144.0124	-40.09367978
144.012374	-40.0937
144.0121	-40.09392725
144.0118	-40.0939499
144.0117707	-40.094
144.0115	-40.09421354
144.0114043	-40.0943
144.0112	-40.09453276
144.0109	-40.09452316
144.0108409	-40.0946
144.0106	-40.09473266
144.0104327	-40.0949
144.0103	-40.09499334
144.01	-40.09510683
144.0099068	-40.0952
144.0097	-40.09532476
144.0095248	-40.0955
144.0094	-40.09561129
144.0091	-40.09566261
144.0089626	-40.0958
144.0088	-40.09593614
144.0085	-40.09595504
144.008355	-40.0961
144.0082	-40.0962651
144.0079115	-40.0961
144.0079	-40.0959125
144.0078844	-40.0961
144.0079	-40.09615427
144.0079544	-40.0964
144.007935	-40.0967
144.0082	-40.09685503
144.008254	-40.097
144.0082196	-40.0973
144.0082	-40.09742215
144.0081718	-40.0976
144.0081254	-40.0979
144.0081291	-40.0982
144.0081547	-40.0985
144.0081282	-40.0988
144.0079	-40.09906273
144.0078627	-40.0991
144.0077697	-40.0994
144.0076	-40.09954946
144.0074458	-40.0994
144.0073	-40.09937507
144.007	-40.09930165
144.0067	-40.09931074
144.0066476	-40.0994
144.0064	-40.09964109
144.0061	-40.09965201
144.0058	-40.09966974
144.0057281	-40.0997
144.0055	-40.09987592
144.0052	-40.09992717
144.0051272	-40.1
144.0049	-40.10015519
144.0046	-40.10025841
144.0043	-40.10021367
144.004	-40.10015417
144.0037	-40.10025358
144.0034	-40.10025179
144.0031	-40.10021617
144.0028486	-40.1
144.0028	-40.09991273
144.0025	-40.09997712
144.0022	-40.09990129
144.0019355	-40.0997
144.0019	-40.09966453
144.0016	-40.09962639
144.0013695	-40.0994
144.0013	-40.09933049
144.001	-40.0993239
144.0009239	-40.0994
144.0007	-40.09968761
144.0004	-40.0996194
144.0003194	-40.0997
144.0002935	-40.1
144.0001	-40.10008905
143.99995	-40.10008905
